1140
3380
7888
7983
4271
2270
6161
4587
3342
6828
1019
3677
7625
4490
5262
6289
2820
9329
8199
206
5782
3125
3737
7409
6098
9403
4406
2358
5723
3656
6095
3979
6317
573
6650
8090
5142
7382
5919
1658
5870
5796
1158
7896
6429
9023
3826
7159
9892
4585
6366
2859
1024
4150
7829
9816
9470
1337
5727
2419
6798
7078
9678
257
6447
1270
9271
6953
1870
9020
2021
7355
9834
8403
7633
1941
5026
3809
7589
1608
3082
3086
1149
1146
6851
9754
6758
8577
4267
1788
7842
6888
1693
6935
2841
1285
7518
8154
132
165
6343
8832
6163
5785
4094
6678
9799
8835
6521
318
5923
3505
1341
7775
6670
4809
9725
3867
562
4528
3873
7791
8820
6672
1228
1206
1751
3676
7738
3448
1924
9681
6535
5909
9798
8957
5911
5925
645
2554
9245
8934
848
487
2044
7113
1596
5185
3100
1668
4728
1937
8596
7779
8554
2764
9630
473
8891
6428
3877
8316
9141
2341
5687
9890
9803
1583
8545
2015
3194
564
1278
4739
3500
5010
6743
8754
8660
709
8771
6297
4902
1020
3586
3217
9776
1421
697
6160
6619
1978
4672
6657
8014
5489
2291
7104
3962
5662
49
772
1062
7311
5943
465
8693
7848
2548
9064
1874
7706
8263
5162
3267
3128
519
6875
7188
7485
795
6117
9308
1876
6218
6791
4458
6558
1832
232
2364
7588
3744
331
999
7185
607
7073
702
9339
4241
5299
9808
6643
6969
7703
884
3200
9967
2459
6843
3191
6884
7764
4914
4496
3484
6022
4856
4138
4638
9167
7393
8993
6635
4633
8208
8241
7163
1017
6960
8677
3242
7760
5746
7440
1330
5045
5216
1862
8653
4846
9665
8924
458
2436
5181
5458
3458
820
5810
7348
8700
3395
2686
2297
9833
9528
2776
9510
6990
3875
1792
5474
2602
6130
5620
8421
4613
3161
3770
5947
1446
7811
1350
4215
7235
7973
9561
2742
3603
2583
9515
8703
2393
689
1831
8041
6858
8844
9034
1589
3280
4498
6665
9634
6546
4184
6097
3486
6620
5255
9009
3032
6932
7693
9253
9392
1880
6188
5371
6540
1875
5326
8454
3779
37
8150
7181
313
9288
8384
2477
865
89
8583
3087
6760
4253
5735
9661
9838
2638
8847
7094
8831
9287
1886
1377
6436
5610
4333
4129
4970
7600
5241
2103
6474
7739
1661
1955
7466
1498
9874
3908
2130
2263
1334
6983
831
899
3019
1056
9939
547
1425
7383
1032
1034
8981
6777
2247
369
9397
8750
3173
437
120
21
4484
2843
8459
5246
1570
8792
3995
1839
8278
3149
4780
460
4502
9921
6029
2479
3251
1981
1261
9226
9273
6036
3649
8648
3906
9028
9216
1536
5404
6202
3720
6982
3344
8944
279
7967
7964
7968
7940
3645
1410
8268
1336
5545
4501
3349
7701
6616
661
3694
590
7358
592
1967
7603
2101
4732
7957
3206
5329
7310
1736
2131
6494
3079
6112
8477
3833
4380
7274
2915
8808
2497
3409
9297
6416
7394
1136
8125
2158
8088
399
7227
6496
9367
9499
2162
5871
6078
9073
8566
1009
5051
6281
2320
2700
9243
8153
5922
9353
4551
1847
9669
5074
1680
4146
7879
5809
6822
4572
5052
1900
9688
456
4161
6988
5271
5435
6837
4769
5229
116
6767
4343
7927
7320
1281
4303
7103
7175
3653
8252
9543
7111
2795
2236
953
6038
4158
1878
3539
413
5451
6236
2183
7449
5916
2311
7377
6069
2003
5041
9399
6101
8467
619
1165
5510
4864
7861
839
6486
8783
5833
556
4247
7549
7754
9788
8743
5388
6386
8864
5738
7681
8538
95
7367
9549
8032
2094
7305
5376
5370
2108
9978
6067
6147
5642
2639
1154
4578
6582
7335
8863
3542
6664
6278
6944
798
9744
7332
6459
5039
2054
5278
6007
6119
6722
6066
6728
19
3823
6673
8859
3060
7057
3493
3993
9475
8617
5596
1472
8259
7623
3912
3423
1851
3013
8441
314
7278
6011
8802
9956
8330
9707
1675
8398
7929
4840
450
8741
6362
7994
5502
3739
1604
3205
9735
7726
3375
452
8528
5565
2260
3748
9506
8512
5563
2090
3315
670
5976
8994
664
1812
1372
2871
1623
8020
3898
3611
8301
3299
5921
4698
1569
5406
5534
719
3625
7525
3232
4102
2029
105
46
7423
3795
2384
2563
8194
5394
903
2728
3413
5250
3936
633
4144
7256
9899
5398
9324
7315
8598
9248
7080
3034
5614
9804
6966
3081
7350
5543
9440
9726
9040
7021
1018
8929
3085
3990
8589
1805
8511
7579
3845
4347
8126
4679
7489
6084
3917
1113
3707
1257
168
6155
6823
5899
4626
4637
6548
6929
7671
9014
9628
3171
6432
1335
1813
4028
4634
3361
2865
4627
3331
3165
4988
3144
2250
9907
9419
2932
3266
3689
8839
5755
6329
4051
996
4040
6825
3504
1144
3786
749
538
6215
4589
8983
2481
2856
2167
2794
4165
1029
4122
5466
779
7550
7793
8197
8833
35
2465
5832
1044
2453
8093
9566
1650
8077
3853
141
3879
4795
9575
7627
2446
1406
338
4768
2985
5789
471
2992
3946
1716
7293
1944
5128
3997
3177
4268
5196
3285
3195
5154
5
4972
7966
3399
6603
7465
8009
9599
449
3764
3122
4445
8298
8744
5071
9209
5776
5659
9879
3571
4048
7136
8364
7989
864
5906
5477
1234
7001
457
4282
5852
1104
3663
3474
1883
14
6881
6332
8385
962
4618
8557
8503
7018
9270
4360
2170
2641
4605
1276
9541
6980
992
5086
4531
412
2057
4751
657
3832
2190
3506
4288
7836
606
9075
3054
4311
4933
4994
7691
5958
5373
3356
5627
2585
8541
8752
8287
8429
2069
6304
306
7100
632
8450
9128
2237
8142
3471
5173
1100
9770
8304
7785
2967
856
8853
6473
4532
3643
5600
427
6986
4946
3250
4759
4507
8407
81
1754
7380
2696
6503
5227
2428
1265
7229
3679
2423
4841
2818
5675
2662
7172
4033
401
9285
9922
6874
3388
7338
4674
919
9801
4566
6943
1979
8552
7433
8056
2406
177
7370
9224
3271
2930
7728
3794
6746
7061
2738
7430
1460
1329
9617
5544
9395
8210
5021
8736
5995
3958
170
874
44
6178
8669
6764
8834
868
679
8742
3667
6816
434
20
3140
3580
2022
4126
8478
9481
9269
6083
2357
7781
2472
4982
7396
6418
7862
1554
7700
7517
2590
1936
7327
4
4189
5108
2519
4112
9751
773
7669
8848
6626
5509
8103
9227
7116
4871
1374
5529
3517
2883
8674
8615
2329
5460
3107
813
4350
974
5356
7099
8772
966
9662
1242
2827
8168
7251
2138
3000
1618
5337
5704
3543
8131
9941
5666
5210
2803
8495
4305
8069
1376
5807
9876
4446
4341
3562
1556
7139
8209
3298
6312
5650
2288
8117
9957
2110
7788
9760
6574
9003
1490
9431
9550
3283
467
6834
570
6632
9376
1086
4968
5653
7474
9656
5612
1563
7637
9614
727
7445
6711
208
2196
5736
5939
6947
3064
4212
1124
5193
2848
346
6909
1636
7727
7422
8699
4170
4200
9584
254
7011
613
2657
8676
6441
1454
3921
3882
5986
535
7790
9980
4701
9062
3282
8022
7849
8065
3020
2379
5236
4561
5245
6993
143
3293
5818
3442
4469
8141
8085
2500
5635
4418
9319
1992
7437
9366
5354
5490
6770
5315
6005
957
6878
3727
6059
7583
2981
6565
7207
6238
1985
7452
9652
5138
1141
6599
8094
2888
2430
360
2309
4499
6940
4287
6702
4155
5882
7951
855
1737
2959
2289
4205
4735
7236
109
3201
6088
6057
6617
3305
5187
6230
9811
6967
11
3228
5087
6014
6108
2268
8496
7428
1657
9206
40
5929
4128
3838
6835
4975
2632
1315
915
1561
3495
5467
3444
561
533
6880
5573
6452
8387
4610
1313
6138
8651
9202
1999
4255
2378
4683
545
8707
1829
9219
5231
1186
2431
1990
5389
710
7192
4428
2907
2226
2053
589
8827
6404
7565
8024
7932
9850
3097
8773
8922
1300
52
2353
658
5212
936
1254
6591
3671
9024
782
3750
235
5512
4062
2670
8445
5338
7643
3631
8216
6336
2224
3954
9580
3288
2679
1183
391
9320
5434
9940
4447
7972
6667
1610
6951
609
3547
8575
8205
5224
8658
2026
5408
5313
3966
6328
6862
9676
5501
3759
9183
2301
2931
3641
1210
6845
5079
327
7770
1111
2157
7886
5928
7055
4081
8437
2941
1671
1560
6964
7980
3965
9691
9303
4823
7494
7252
5608
1869
6373
4696
3104
7031
5910
3075
308
3208
6979
6417
7577
5012
4743
2279
8793
5023
4580
3476
442
8127
9692
7417
5989
2952
9441
4342
8480
5556
5179
2302
5237
5385
6338
4870
1619
8636
8814
3135
4939
5430
8529
7230
7942
1758
2295
7237
403
2386
7216
5527
5997
6309
4691
6120
1426
438
5541
2976
7375
7063
6153
8883
5230
5524
2973
2553
8242
4172
8080
5996
1167
7612
3456
6889
6693
2266
4388
6211
4141
6882
2272
311
8231
1960
9915
2382
2371
906
4956
9730
2120
9315
7406
4799
6185
5024
6049
3535
1110
3265
1913
9051
5340
8397
8986
9425
8890
6397
3420
7071
9286
4706
881
8880
3610
12
3057
3985
7956
9348
8781
728
902
4965
3139
7198
2920
2642
4047
3376
309
4497
3238
6761
1430
1940
5119
7570
2906
9680
29
4911
4806
1084
2269
193
2524
6086
9862
9618
4719
5538
4591
2997
5037
421
2726
6382
4140
5562
1595
7995
3031
4549
5171
3573
8521
7014
8569
5536
2529
505
5436
8408
6004
4230
2975
787
4974
3919
4087
2937
5748
7664
5864
8662
7247
574
3231
8140
363
3670
6890
2203
4598
2744
1801
9415
8886
6904
7174
2805
6245
9050
9182
3847
1724
9071
5537
5876
3814
5091
8092
7639
2426
5518
3307
3434
6349
2482
5464
655
4503
524
2626
1672
9483
7316
5006
3400
9705
9325
882
2280
9012
6715
5334
6561
9335
2181
983
4934
678
1033
2635
4909
2522
2673
268
2296
9537
7436
9771
5623
1621
3406
9757
9847
1328
6755
2987
1319
4619
8697
1073
822
5993
4151
4312
3984
8356
8687
6698
1161
6091
1543
7573
672
3197
8819
4825
6263
4249
3025
8850
1579
5402
7740
2055
8007
4690
1822
4940
5533
9152
9110
5280
8228
9420
1700
3249
7680
4467
4938
7184
3447
7484
3810
8510
5531
4002
2612
1799
6644
4543
6103
4877
8777
4057
9606
3150
7653
4079
9261
9910
850
4270
8550
1986
6341
2035
6914
9560
7296
8284
3597
4394
3910
1477
3005
2046
6545
1128
6751
7895
4023
10
1778
8040
6915
4606
8281
5124
1327
273
5977
4960
5631
9220
1338
4183
3942
4923
2405
1101
7209
2804
3091
7325
1934
4204
8188
3581
7282
9809
242
2316
3846
329
9836
4478
3068
7056
6217
9647
5412
4053
3067
5822
2837
4937
680
4455
5973
542
7017
1922
3729
5644
3511
6318
7176
7531
5575
4949
7742
9784
6625
2892
8740
1308
5433
8487
7343
4702
3883
6624
4821
336
7352
6439
5749
4220
4340
294
167
3063
4926
8801
2631
7467
8439
8225
5288
5722
2916
7210
6844
9299
8166
1163
5718
4554
5022
555
9089
5924
1286
4156
4879
357
1705
1667
1948
1358
9966
5135
1027
1746
2402
9063
5949
642
8187
5047
1794
8196
3252
7384
55
1687
8712
6506
2439
4328
3507
4431
3460
6358
3613
339
629
9032
4175
9060
7889
1427
4362
2754
7654
8325
626
7450
7239
159
3089
993
9552
2429
4977
9347
2667
1461
3160
1564
9451
9961
3046
6677
3260
64
4798
1617
3725
301
7708
1897
832
1441
17
2505
7051
4671
7911
3216
2362
7460
4900
3800
7815
3606
2444
1184
8274
3583
5636
608
651
8799
9464
3390
6221
9198
3457
6694
2909
981
3145
3411
9311
9539
853
5720
4912
9716
7154
7264
6228
6566
646
3006
4425
139
6039
6502
5088
6348
6122
7743
5967
9380
7403
9462
6296
5629
5165
3746
7464
4358
1464
4767
1394
4414
1696
6118
3633
1266
74
8663
6393
1236
7193
7044
4852
4550
2163
8100
7783
8254
117
7676
6941
8323
7665
1804
7425
4357
3174
3491
3196
4783
7683
2874
3570
4246
6700
3974
5257
9693
503
1510
7866
1008
8111
5584
6723
5898
8904
2968
7432
8505
4307
3553
7685
72
6354
2514
6225
4913
4313
75
8266
8290
2165
1789
7624
3736
1903
7372
4374
4833
3900
1127
1301
6575
5552
7180
8175
76
7771
1558
9238
4813
4667
2415
7965
6801
7562
770
1444
1524
1213
4290
5170
3579
2175
3431
9945
7329
5715
3461
2597
6106
1267
3306
4838
9092
3699
6389
7909
6697
6365
191
1449
624
652
2146
2132
9780
3798
1850
656
1640
7346
1317
8562
2339
276
5709
1348
1201
6581
4218
6556
9045
3745
8305
4810
6516
9078
5881
9903
3296
7035
2750
2067
1435
5123
3438
7761
2911
8888
8709
495
2397
7029
1714
3730
5392
8412
1637
4559
9671
4681
4010
522
9873
3785
1438
8609
3607
353
9411
5189
6266
3263
1083
6116
5251
5507
5415
3964
1004
3943
5788
9698
4814
7223
4077
955
6357
1439
6567
2264
8629
4750
9615
7925
6431
2618
245
7615
4849
9259
2504
3887
5914
2615
9284
2709
9066
4355
8537
5219
9556
1644
1375
793
9975
1703
6181
5965
5452
5488
6009
7997
8052
3712
3724
8308
3703
6705
9660
8002
9639
862
2171
3841
5790
404
5144
5180
5768
9508
4916
4815
7292
9880
880
2448
5336
4187
2363
6410
6898
9963
2359
6687
7040
2904
8659
8532
4208
9155
5495
3372
8581
6062
650
4369
1188
9719
7977
781
3799
1970
1155
4332
4685
2281
9001
1923
3297
4927
3398
7431
3812
9648
4029
3016
4600
6176
4045
8307
5591
7930
9682
8102
7993
5994
944
6638
2600
9239
5936
6587
122
6618
275
5151
7002
269
582
9509
4114
9871
7424
3234
2977
4035
965
6768
1645
7443
877
4689
9668
7804
9061
7187
2650
2616
2201
9246
3735
77
3378
3608
1741
4737
6077
7458
2647
7086
50
8945
7690
9149
5322
1555
4066
155
5428
4451
809
9199
1455
5375
520
7908
9498
7037
9929
8571
4211
9516
3479
6267
3536
9006
8246
9731
4857
5824
5070
3546
3854
2013
4661
6073
8475
3793
1264
3014
3364
9766
5604
8222
8563
6347
7183
4321
4452
8509
9649
3850
3345
2074
2849
1325
4440
4383
6520
3198
7053
5842
4548
5607
6653
3029
3445
9745
4905
3426
1641
8642
1290
4468
9625
1844
8579
1884
4858
1840
6194
1112
2286
4229
4961
4201
3033
1956
5602
5033
8667
6270
8666
9687
6597
9769
7789
2520
5314
5619
5821
2622
541
1695
2587
9455
5386
4169
4327
9457
1626
7279
8720
5199
6207
6107
3627
9574
8931
1868
8516
775
4596
2447
4174
5966
6905
8062
9477
4948
3551
2755
2960
947
7602
2126
4867
6370
4893
3747
2620
878
3558
8043
7211
5169
579
3929
6420
2691
8600
1748
2490
640
5150
6175
4678
6023
1780
121
2293
5691
6260
5453
671
5969
3650
8401
2814
3940
8144
8761
688
712
3240
9121
6994
86
9079
5733
1642
9453
928
2912
4936
9262
6840
9650
3548
2097
961
7241
9534
6080
3397
9133
2789
4316
4760
1881
5019
8313
4830
1988
7663
4326
8576
6596
7516
7823
2893
2082
4987
2712
7286
6641
2929
6480
2214
5097
4793
1097
6374
7273
9080
3601
1368
213
1547
3646
7250
2243
9749
6720
7677
1529
8455
4834
3333
5240
4947
9677
9829
9294
2040
5067
6422
8416
1342
5446
5060
4296
6724
3914
3813
2971
9161
8812
6371
901
5442
1660
1517
3796
5726
2592
4736
5350
3373
5497
8456
5065
1566
9382
1842
7254
7004
9242
9005
4078
7818
8530
1099
7992
994
3781
2209
6740
9951
1321
1501
4981
2910
8705
253
5105
4226
9842
1830
145
1260
9025
2637
9085
9026
6849
8774
1340
639
1091
7946
9472
7108
9607
5580
4026
6151
6271
2466
1197
8074
9869
4951
9491
2367
4309
4147
4989
7554
8433
9055
4242
6529
5121
8907
1833
9868
5730
5494
7610
2745
5784
1507
4837
8361
9418
9300
1518
634
863
1291
4500
6064
7880
4537
3822
7884
7833
2037
6368
1093
5984
51
2516
4721
6268
6913
7855
2875
6956
5499
5630
889
440
2838
290
1415
7999
34
7601
8169
8567
1306
1825
4372
1035
2508
2014
9147
4865
2307
9848
7692
769
2949
5505
5752
378
4899
5938
1065
7540
2041
2050
7892
4749
5697
48
6284
5713
9896
6571
2717
9881
9526
2919
5363
1395
489
3424
1828
6224
780
4346
4967
7813
6675
9935
598
4779
1205
125
7482
2231
43
548
1603
869
5678
8610
5221
695
7702
750
1523
1473
5500
3927
9256
7200
6645
9105
5961
3462
9086
762
3272
1347
4017
5377
9448
1247
3405
8711
8680
9454
7998
594
3229
8996
6015
3392
7568
7536
8868
2993
6303
5462
197
1532
7634
3552
2089
9563
9974
4817
137
7118
1239
3614
3416
4791
4036
9511
7547
9865
3427
4624
2607
4890
8544
5680
3967
9274
5413
6172
1505
6745
4787
7012
1189
4525
5764
1235
149
1977
3116
9787
9855
6391
8116
4575
6793
930
1649
1709
5277
2308
6137
4558
3933
5676
5908
7638
147
2692
794
9424
5878
2817
5860
1259
9718
2707
7470
7472
5793
1888
4222
4034
1885
895
3011
9912
8732
1356
3083
8360
2166
6214
9540
1838
5877
1179
3210
1824
5235
6466
3124
4709
1654
133
9008
8491
4621
5845
2312
4973
3326
6079
1958
4465
3435
341
5002
2954
6541
647
5321
1969
8862
470
9729
7334
7506
6115
6282
5317
3950
4157
4555
4231
5597
8809
9337
6213
7792
4976
4182
4752
1816
8104
282
199
9775
9088
6434
1121
1459
5234
8297
4145
5601
3465
1294
4964
4570
5344
7752
7077
2695
8584
6836
9637
6243
200
5886
7672
8991
1331
5445
9814
9795
8918
5009
3351
3768
5298
1194
1827
5416
1964
3773
5214
4794
9860
7825
6924
1023
8247
5930
3324
4011
3170
59
2721
5875
5643
803
6855
1343
7117
3783
1747
1066
6305
1130
6631
8524
929
2228
1698
8751
7461
7621
4297
1598
7695
3804
110
2735
9898
9825
9597
528
9818
4168
1983
1211
8059
7260
7722
3273
5542
7085
823
9444
7853
1332
2689
604
515
8157
4941
4664
1232
8057
73
4862
9683
9356
1038
1898
6821
6454
6514
3678
5405
7487
9610
5592
7497
3930
2484
1927
4560
205
7556
6204
7028
1652
2038
9
4844
4688
2104
9674
1491
8357
9241
1484
1296
9235
1405
2467
6247
3695
5028
2173
4462
8262
6654
964
5944
6232
1134
6220
9354
9710
854
6378
3652
4615
4449
7313
178
5760
3626
4039
8748
1025
4391
1807
419
3991
9524
2105
6542
2851
644
9265
8556
1367
976
8072
9184
6390
8727
8311
134
8001
559
8570
8318
9746
572
7801
3895
900
6055
2624
6392
9232
3262
4517
1627
4616
5379
2213
317
5695
4379
2752
3110
7306
5839
546
2551
5223
2532
5625
506
5872
2305
7213
1456
4339
1125
6105
4424
7036
6154
9344
4620
4041
5843
6252
1717
23
6460
162
7844
8582
9728
3870
5101
6497
1578
7493
7089
7514
5685
1516
8067
4279
1722
8855
4139
7107
3412
9413
9858
7891
5889
5747
3683
1858
1946
2485
6351
2503
6050
6788
910
3318
7379
3851
2560
4651
5194
4888
4508
7126
1773
890
950
6870
1919
127
5956
8980
7759
2677
7810
372
93
5380
3153
2434
5198
7114
861
9194
8664
7354
5813
4298
1819
9054
6742
1976
9626
2096
754
3008
9317
6660
3213
4317
8037
5303
2669
2252
2396
3888
4996
5306
3944
79
5677
2830
196
6407
6233
1704
3365
7582
3159
5560
8846
1153
9885
567
195
3184
9400
4594
8517
7816
5869
8374
70
3960
8414
8978
7947
2730
3042
8515
5272
3346
4442
8682
2536
6985
6467
4631
2235
1053
26
4439
1362
8723
4777
9296
6037
2084
1282
2182
4630
480
9036
3904
3022
2043
8342
9937
481
9458
6495
9283
9450
4403
8317
4197
7528
9103
2942
6748
4835
8097
1679
4020
8053
66
7748
2327
5403
9670
5168
5765
5651
4753
4430
8402
3829
5420
4848
3015
9383
7146
1629
2965
5050
5942
4438
8255
4897
6294
5226
4228
203
6856
5582
2797
3726
2048
6813
7218
5080
808
2634
16
767
3363
665
9049
4315
1246
7304
2208
7807
2102
2511
9715
5904
2891
4657
5945
9931
5624
3668
811
1108
8507
3332
4997
9679
2220
7874
1859
8089
1469
8943
4829
4884
285
4986
5475
8160
8468
2675
7613
2869
3339
7013
9037
3765
4892
9330
8082
3957
9495
7022
4785
266
6686
3185
3391
497
6563
7679
2846
4224
2556
5558
5239
9878
3490
8346
8714
3688
7996
5920
8233
9752
6772
7471
8303
8770
3844
5638
5991
9888
4925
7276
6367
7553
2206
1207
5077
7978
1821
219
6920
7934
2955
9696
1422
2775
7416
4984
8591
1818
9588
9000
7986
6958
9870
5252
740
5964
3574
5609
7705
6916
63
9590
6917
6766
643
4027
810
1574
3482
2475
8
5874
5974
435
5365
1172
898
1060
508
5637
2494
4470
3537
9936
4670
6899
9332
6182
6254
8985
5076
8592
1776
9281
2713
8921
8895
6313
4294
6440
3137
5588
4632
7225
4882
8637
1451
1648
7736
6938
3239
6272
5849
3937
4324
9605
7238
8122
2176
8484
9251
8299
264
6525
5049
1309
3421
3475
2380
1413
1195
9173
9404
3319
6741
2440
3686
5304
9554
3202
7537
5640
2889
3561
5797
9137
2656
1750
7291
6412
1984
507
3384
6708
8327
7058
7121
1929
5000
2611
9579
1088
1240
2317
3078
6311
6042
8331
934
8760
4505
9359
4744
1708
9762
78
8206
7704
3401
381
4384
7340
3120
453
42
6405
4308
537
1949
9877
6517
3425
444
2734
8337
6065
7883
8044
8096
3774
1
96
1852
4443
1571
9598
9636
1458
113
6244
4552
2387
8314
6873
2852
1849
5025
6534
6934
2566
2630
7802
3769
1071
228
9099
9568
9016
8257
3681
5694
284
5816
3433
7201
2557
9292
8725
584
8369
2394
2606
8675
8191
8504
9826
2314
3499
631
5178
5759
1037
5775
3948
5855
8928
5893
1351
8779
3733
4254
9223
320
4880
5814
3477
7521
499
8605
6359
5897
8253
6498
244
4567
7501
4770
4826
5472
1600
2134
7566
4213
6783
8870
6198
4031
7900
518
8920
7148
3389
2922
6973
4957
8485
6646
163
6876
5890
4464
9389
9338
5667
9503
5432
4411
417
6977
6300
1069
2133
7864
1081
6839
1902
9360
2010
3994
3439
1442
4861
2451
7750
616
4071
1061
5742
5827
4583
9364
7283
8829
534
5598
4514
9318
3039
3237
5244
6918
4423
4644
6468
6242
136
7435
3856
6212
3589
3806
9327
4945
5473
3286
5163
9764
6099
4659
1462
980
886
3166
4196
5719
8292
7155
1909
1068
1307
9442
2807
169
4401
1299
9236
9493
8372
3961
1304
544
9753
9740
5399
7585
5096
1528
4668
9943
6307
9231
1131
4285
6809
6327
3357
6280
1420
2593
4245
265
3819
7741
5117
1499
7030
1193
8972
6380
4192
3151
157
1182
3638
9773
492
7630
8908
7351
4771
1685
2207
805
7938
4796
5367
2966
6413
2825
6885
2150
2325
6829
7845
1726
9310
1492
498
4135
3718
463
5844
5395
843
6846
5493
366
635
322
1770
6274
9197
2456
7415
7090
2407
3673
6961
9192
7868
409
8898
1414
2994
4318
5459
7921
3508
4336
5555
5605
952
5656
9950
9807
599
4263
7689
5427
2344
6127
2086
3524
3279
1142
7226
4930
9193
3328
756
7026
2680
7177
4568
5583
4416
5471
1391
6423
6288
4694
7905
4376
6584
7765
8013
3591
9544
4655
2953
5779
6680
2999
3938
2648
6457
8289
274
6061
9774
759
5684
6896
7724
5566
8840
8854
7617
5153
2902
3219
7699
2697
5649
7142
2464
4239
7981
9759
6356
7046
9126
38
2736
9542
6704
6659
4745
7309
1230
9043
3568
2234
7131
649
7731
142
2903
210
8023
7271
2533
2256
3291
6490
2661
286
2391
7806
3055
738
6927
8979
6911
3302
4764
9694
766
2401
2933
5253
8678
9572
6892
4494
4863
1489
7841
6027
1731
2381
5731
9981
488
557
1810
6375
5932
9657
5579
184
4800
5525
6435
9191
2083
9401
2572
8114
4590
1209
2731
9971
8481
9651
653
1906
8294
6433
9938
3156
3620
6771
7869
4781
6676
248
2836
4118
9831
2058
2004
8734
1241
1096
7006
1159
2354
7083
8561
5463
9084
768
6785
7824
334
7796
2802
9118
3503
3754
7480
3248
7169
1252
8273
7096
3715
3743
2655
8995
9699
2562
7134
4607
1005
550
3308
7160
9221
148
2666
5663
1162
6290
1010
6472
9302
9835
7091
721
345
8708
3843
6234
8019
8310
2194
1030
5020
6699
9070
6090
8765
5941
2604
4535
5955
2694
860
9135
8046
8671
3152
2898
4412
9132
9689
4595
7067
7529
5296
1118
958
7674
4244
1965
4096
4601
7587
3672
3255
3577
5443
1699
6952
1597
9837
1576
9891
9724
1765
8112
8095
8877
2895
4920
912
8913
9143
8365
7376
7970
1255
5912
8984
9758
3825
1109
5710
1220
5441
5777
350
3350
7137
2706
845
8195
9473
6499
2608
204
859
8851
9030
2823
1711
8354
6564
1744
3040
8626
3594
5090
8271
5865
1168
2418
1911
8679
4227
5279
9373
9435
9469
2598
5823
9350
527
9631
5378
135
8689
7772
2334
8926
6264
8916
6747
1437
3780
2137
2066
8335
3538
841
8815
4082
202
1502
4301
6421
8427
6299
662
7762
8551
549
6241
7122
8223
8884
5111
8322
4479
8716
4669
4107
4420
3692
2783
6866
6171
9047
2936
8320
9655
3858
4234
1026
8152
5599
3209
565
226
9494
7220
2366
1882
7596
3761
6464
8143
8186
8670
4602
7713
5618
5285
5711
1360
180
9928
8003
8418
8238
351
2155
2275
5692
297
4444
8176
513
1905
1075
9275
1707
1670
5177
5201
9887
731
1530
7541
4611
1646
9190
7733
3077
1959
9582
2896
8267
9342
6035
9593
9264
3717
9362
5972
4954
6611
9266
315
8857
9154
9627
6013
6814
8494
7962
7784
8787
3640
8869
6167
9684
4658
5444
6955
1841
1915
6360
3338
2143
1275
3095
1216
806
2886
2978
923
797
1877
3084
3999
7395
7215
718
7364
2212
3281
9817
785
6426
299
3018
1497
3051
8291
4873
9959
3590
4805
3256
6074
1135
2248
6158
1895
6190
9291
2238
7138
494
8286
6867
1396
5913
9983
7590
7132
2998
8181
1022
8370
2422
9522
5346
4210
5381
4381
6402
6089
4904
2928
5075
57
342
3028
7939
5001
4699
7365
4557
9478
9723
5917
5263
7186
2905
2887
1655
9894
4582
6648
741
2702
1599
71
804
2240
3485
4564
6509
6759
9949
3897
3911
5136
5409
6124
9800
5084
9169
3634
1943
9355
3555
3731
9093
3123
4480
5058
4853
1756
4931
9370
4059
3617
4603
9924
1399
8911
4886
326
4807
1424
4623
8692
6200
3892
1673
7935
7520
9863
3295
8081
9042
2385
1229
6859
8813
1416
7507
8784
6043
220
4547
3866
6450
6655
7735
5131
9569
1067
9917
5281
2538
7832
6891
7622
4366
916
2061
3290
8715
6396
6893
5628
7924
6936
7245
7397
4076
7561
9456
4166
4235
3545
3009
7010
8753
2914
9365
100
8076
1590
625
152
3244
585
8652
8260
1930
1715
8861
7246
9257
6087
2617
1039
5357
1482
5540
7920
4654
131
5312
4676
128
2338
9307
7974
388
8988
2716
7206
8830
5191
8270
1573
6906
9756
3709
1525
5487
8947
2575
2318
5798
9377
8171
7158
5724
6736
6623
8865
6324
4648
3394
4375
8950
893
3830
3070
328
8070
1011
792
5546
2787
745
8791
3817
7401
5567
691
925
7341
4574
7345
3932
4889
2860
4335
683
415
214
9620
9864
9312
5127
6671
4399
8860
3947
3619
9421
2621
8823
1572
1268
7503
4917
1057
552
182
6168
4238
3647
4266
5437
8701
3777
3550
7162
1333
1407
3753
2410
5998
5431
8351
2816
9654
3687
8657
4085
4073
8621
1076
1448
8149
2720
2925
6237
8900
1787
5093
1860
6752
6054
7817
5258
7429
4125
1793
1385
3865
6815
4918
215
9309
9783
7054
960
5083
9409
1238
5447
8099
4662
2844
9750
4881
3868
1450
3863
5564
5647
7255
591
2870
6963
4727
3706
9082
8513
8755
7936
7483
5576
3164
4995
2996
3038
825
8264
2140
1085
2019
2493
7987
3566
7459
462
4054
2413
8476
2845
1496
9856
8328
4459
7991
5791
4542
6048
3560
1997
9439
469
3790
8520
4450
6092
5478
2122
3330
7931
2927
2812
7678
2487
4687
2128
2139
761
9546
6703
5208
3348
5988
828
6796
7171
4091
995
108
2588
5043
9822
575
2345
6306
6239
8393
751
796
2292
7915
6523
9279
6235
9604
7115
5265
6248
6174
9278
3955
7130
3628
5130
5351
316
2369
2938
3017
7657
8989
5318
9852
8192
3522
9314
2819
6812
2525
6576
9002
6691
4260
3801
428
2462
1764
8221
5396
7830
1688
707
2242
1222
2580
8063
1217
2
3886
4741
4874
4083
2948
3012
9429
8975
1814
6666
8882
7337
4592
445
1553
223
7481
3989
5868
1857
6968
7984
3432
9158
531
2024
374
7555
9926
6550
5260
4922
8353
5959
2989
8893
8383
6012
9381
2733
9107
4481
5030
4042
9069
69
1942
5483
7166
3428
9029
7799
1063
2855
7267
3776
5725
8249
3360
7959
6285
373
2921
1592
4236
3347
2392
8201
2743
5498
7552
8482
6045
198
6219
4991
5361
6229
7800
6997
4808
7205
4101
3807
6580
8746
6818
743
7858
8338
447
8413
4299
9969
8634
9763
7840
4576
9708
1262
9368
280
1383
7196
1345
5734
5553
3467
9717
7508
4579
8236
1872
6762
4389
4754
8497
2543
4673
9305
9609
5504
9525
5826
7062
9737
1106
4377
2063
8189
8068
948
5004
4471
1630
6173
7391
1287
1837
1120
454
7922
1115
2623
2095
3622
1602
1674
3791
47
1509
8606
3036
2839
2119
6515
1568
1843
4868
2075
7878
5267
8237
6679
9250
7052
7045
9583
4038
4021
9170
3257
45
536
4584
663
9686
6251
2725
5461
5808
2294
1352
2068
9638
9793
3876
2507
9011
576
9701
3557
1921
8460
1431
8535
7524
8927
1215
3061
8404
2478
6593
4720
2408
9722
1963
4456
2062
7438
9977
7203
2007
7468
5948
4398
5282
7202
714
9529
4734
4320
4433
4409
5411
4202
4992
1049
5926
281
8628
1174
8133
5175
2460
5506
1145
9443
9068
8232
2463
2571
872
5895
3321
4361
7027
295
2445
3576
1512
9709
7248
2758
1639
3387
1622
2862
2567
5769
7152
9482
7647
8137
9703
9514
7732
2535
7543
1647
15
4006
8756
3180
8219
7718
230
1012
7173
5708
1312
3988
2899
8540
4060
985
2513
4819
9982
424
6133
8970
9087
5851
4742
1428
1662
6128
2298
2088
3470
2337
6652
9900
6560
3453
8035
618
2861
7854
4675
8698
1392
9765
5668
4588
6807
5161
9272
6383
5209
3595
6662
8718
9812
6637
6346
2853
4160
1064
4069
2627
2873
3088
1014
9828
7322
9255
7074
189
9557
5800
6345
5669
8049
3861
9258
4435
7451
3222
8084
5820
3314
8627
5384
7412
1249
1950
9048
9018
581
475
2826
6606
1975
1078
827
2544
883
6081
8345
8595
0
1258
9234
67
8083
8018
39
3975
5307
5172
2740
8207
8706
7749
2404
4179
6712
1354
1665
2076
5014
7985
4518
6674
1809
5360
3651
7219
3564
563
4417
5301
3973
7580
4731
7084
2496
5102
2118
9779
6526
6995
6403
6286
1733
1796
703
6763
5767
6479
432
8438
986
982
4725
5331
3612
778
3146
875
8553
8319
1586
4064
9908
8942
3417
6734
2276
7339
7032
426
3113
8489
5057
5721
2179
312
2164
7462
3931
739
3382
4646
4250
5774
2425
402
3225
2109
5819
2032
5248
7141
9733
3642
5323
5347
5310
7153
5302
7943
3556
814
2542
4163
224
9058
5613
6002
8501
4413
1749
2008
2056
8390
2506
4474
365
8312
7990
6026
2684
2796
4454
103
5812
2806
7533
8106
5848
8580
6681
5829
6991
3567
6794
150
9581
3749
439
9934
4816
8050
4143
1373
1147
1200
8737
1467
5401
673
405
8375
4111
2461
3901
6269
6910
4223
5861
8155
1692
6314
7321
6831
5348
1582
9229
3245
2605
2284
2433
753
8415
9304
6053
7581
1156
8293
8502
8665
5590
62
6462
774
2047
2654
9010
7737
5858
7453
2127
7798
25
5514
9840
2576
2216
7386
6551
1324
8280
1432
1226
7576
7333
7257
211
3514
4225
2125
2644
7129
8874
6166
4103
763
8940
3172
1846
3789
6735
4310
8871
7404
9920
6478
1293
5005
9252
8162
833
3026
9097
9624
8105
5946
8184
5570
760
384
3956
1436
9445
6100
4804
9104
3693
1203
587
1387
659
1718
3454
7694
4415
9824
7182
9507
7269
3698
4344
8182
6146
6569
153
9909
8973
1768
9345
9927
7873
8406
8811
2833
4509
5215
8174
2191
971
6445
6335
8036
9428
7597
9946
6337
9130
5273
2159
9031
2917
396
6157
8265
4098
7795
8073
6180
1013
4733
6186
1181
7975
1429
5078
1873
7486
22
2772
6322
7954
5661
7157
2253
6320
2584
4012
3003
303
3926
1070
2168
8139
5368
7179
7875
3842
5837
9591
9102
5242
3218
5122
7112
9973
1398
8343
8198
8971
1344
6369
8640
4792
5863
7300
7268
7955
7958
5056
932
2178
1867
4105
5069
3358
451
4055
8837
9489
259
6040
8894
4281
1995
9832
9577
2984
523
8367
1488
699
7399
8690
9768
6113
5369
8780
9394
166
7822
7538
5103
5333
3329
5805
5859
1973
3325
5036
8828
938
6922
1634
6301
7289
3784
6136
1620
8243
4284
8917
1628
7971
8536
4625
674
9210
5520
9136
4475
2741
3311
9200
7068
6425
3374
7314
9772
176
8377
9622
9791
9523
5900
8722
700
5053
5120
7298
2304
3820
8005
7511
216
4789
3519
4969
6504
4248
3488
5243
5737
2124
7745
3410
4562
9587
3889
3277
1447
8214
2129
9564
4119
2116
5548
6142
5578
6792
3797
5098
6493
3916
2782
5633
885
2582
6152
9407
5918
9052
5157
4878
3998
8336
8028
8358
321
7019
1365
5690
68
1274
6191
7488
2753
6974
6144
7619
98
9944
8183
3849
9108
696
1531
7953
666
7893
2486
8472
9952
60
1863
2636
8167
9177
9171
5670
6826
7744
2271
9786
887
1853
7231
3714
9846
2210
3167
9947
8558
7655
158
3168
8326
6609
6350
8963
2319
7843
2663
400
2539
101
8008
9159
726
2336
1471
4639
5358
233
1996
8905
1273
2144
1002
2671
3839
352
6010
7087
2223
1214
6628
7023
8279
209
8244
713
3920
7948
9570
8173
5423
6430
250
8804
684
4516
9336
5550
6323
7611
3199
1212
2943
8362
6201
3527
4641
2884
5274
1962
8060
967
2549
3480
9918
397
4460
3734
3284
1917
3317
6008
3181
2033
4612
7710
8295
7168
8159
627
3738
9035
2581
7097
9144
3127
3114
4693
4291
2715
6377
5519
8719
6621
3182
4569
5200
6709
8841
1180
7835
2188
7641
7392
7156
6605
4515
5854
2660
2950
8452
1244
3436
5254
2099
6999
3131
4677
6531
2603
5107
5894
4712
4763
7515
5606
7901
9449
1791
2303
1920
9129
3443
2153
2215
737
6438
3370
681
8560
2863
3982
8951
1137
92
4774
3637
7389
5426
6533
2792
5040
6021
849
1759
6253
9119
7319
1475
9964
5063
7442
4784
5891
4958
9545
9096
8762
1122
8392
8426
7598
8282
3047
4337
9748
9518
4209
4482
969
5106
2112
6945
6449
7323
628
8548
6273
2568
7214
9923
847
8203
6145
8134
3147
4983
6399
8788
7344
8878
1305
302
6854
7253
6907
2077
1701
5626
7369
8906
8806
8936
9535
7885
2340
1763
4461
2710
4261
7950
3891
8704
1105
4520
7081
3253
9797
8842
6094
3215
5359
8054
5440
9195
3494
7371
5327
8359
7258
7356
3605
6950
8683
3343
1185
9459
2767
53
2780
6887
3775
7686
8347
5305
3510
871
3062
430
1710
8453
9690
3755
8574
5387
6340
2761
4108
3377
5503
7808
3531
7688
7457
2355
1947
6853
1939
501
5099
6562
9663
9090
9712
4330
6588
5311
4545
8217
9115
821
2746
6689
9386
5968
2233
5983
1541
288
617
6321
2229
7295
4738
8321
844
4203
1762
6032
2441
8366
2951
140
2255
2221
4854
1605
9181
6149
7898
349
2815
8129
8763
1237
2703
1795
4715
7846
3024
2374
9486
6901
2030
4506
263
479
4910
9567
5593
7618
2653
3971
7882
5757
1051
3835
6894
9326
5927
909
6568
1993
2416
3468
2251
4636
3763
812
6276
8145
4778
7988
3992
6508
5508
5455
3414
5707
2924
5166
3112
5935
7165
2180
1445
7324
963
3220
3118
6461
9755
1691
9412
2704
4935
3472
7125
949
4604
5174
307
6883
6016
6477
3502
1271
5902
5284
5657
9968
249
4711
1606
7902
1546
8731
5352
2009
5853
4660
1160
3066
6972
9237
4622
2324
9027
7626
2613
6024
2480
9930
1382
3837
1015
3928
1089
3708
789
106
9914
4959
4075
1767
5652
2824
7960
5290
5879
99
5654
8146
4088
9600
1848
2652
3624
6451
160
786
917
490
504
9187
5574
1196
3098
7082
3141
1893
1890
2749
190
3721
3885
4755
8685
1040
2982
6701
2343
3130
3771
6148
7787
2550
1653
18
1269
2246
8914
9882
2414
5264
8604
343
482
9925
2586
9854
4797
852
4643
532
262
6129
2773
1907
5539
9204
187
4293
7928
4843
9571
5915
2328
251
2398
278
8030
5372
4746
8729
2148
4473
3925
7711
6455
201
6465
27
7877
9114
8599
526
5110
9492
4836
9644
1806
2474
6325
6126
1800
6808
6695
7593
8200
7717
9487
441
4004
2708
5113
7143
6302
2093
9480
8887
4530
6630
2872
9532
7632
4512
8470
946
6749
826
9120
9594
600
905
9044
867
1503
3778
3355
2628
5786
876
287
7076
2681
5195
4523
1148
7204
9007
9175
3366
6524
675
835
5364
968
1175
2962
2785
4906
433
1587
7303
8395
5013
997
8440
4851
9244
6205
4617
6179
7049
3691
2724
5862
1998
4504
115
851
1253
3869
8789
3874
2601
1879
990
2023
9213
1003
1311
2469
7763
1519
4998
6123
2412
7819
1390
386
9958
892
2693
9841
8490
4747
1669
1542
9551
3074
802
3893
8948
7592
9341
4426
9954
4154
5276
8941
2766
7871
7758
6488
1418
6223
5400
3138
5772
5888
6552
1000
818
4529
5342
5454
1659
733
4700
2051
6487
5732
2913
9225
1050
9830
3418
7387
2983
8258
2059
734
392
6125
8493
4044
174
2711
1080
4485
9933
6857
1918
6872
9645
4628
9072
6996
5308
8058
1208
943
3509
3143
3108
5698
410
5137
8486
9124
1322
746
8224
6527
3264
7551
1548
1625
2559
9156
6385
2154
783
4536
7411
8825
8107
553
8363
2036
2881
7128
5648
9142
1411
9739
7569
7378
5817
4373
7249
7751
8630
4072
1935
1036
668
7659
4093
2195
3071
8128
491
9979
5934
5015
258
1094
1635
1102
361
819
4137
7473
605
5674
7145
676
4448
3970
4365
7342
2518
3700
3048
3719
5990
6572
4025
8807
8211
8333
9153
2885
270
8448
1656
3002
8639
4207
3922
2332
6727
2665
1932
7827
924
4152
7594
130
8435
1453
8220
5792
6159
824
8721
7330
2777
6444
8686
4915
8952
4463
3323
9162
6511
1279
7361
7317
4541
7914
2351
1609
2222
358
3464
3593
4729
692
2683
6156
1901
2107
8488
207
9700
5295
1349
1090
1046
2643
9349
8025
9172
6102
8527
4483
8248
5523
4697
2161
6071
8235
2438
4058
7191
4142
9166
3704
222
7574
7095
6721
5425
941
1495
7363
6775
1478
7405
3192
9919
5414
9553
3254
870
8958
5682
7272
7456
5479
8047
6259
2071
362
2763
3941
6804
5940
708
8933
7135
6489
4329
389
3862
8213
380
4872
5672
908
2854
7652
9886
3466
8684
2006
3575
3918
383
3473
6984
817
1369
7070
1221
118
2437
2065
4061
6376
4898
7897
8611
293
7178
2832
4963
6484
7420
1316
4511
6634
4074
246
8499
8691
9004
2547
4519
6398
7009
3657
2079
368
85
9565
5261
6020
2935
2491
8822
1318
8625
6716
9504
3836
7042
4640
6989
6361
6110
7098
1728
4895
8939
255
2287
5521
4198
4650
8713
6469
4653
4476
8818
3518
7723
7240
6261
3963
9562
9720
3096
595
6781
5008
6719
3214
8543
7567
3661
3430
7301
3788
4894
3629
8643
3193
8215
9468
6710
5383
7667
1143
698
425
330
8919
9611
1055
9122
8749
9249
9390
913
2668
3516
5571
5950
2645
5156
2867
7831
1303
5617
4070
6262
1533
6553
8388
8910
3935
8130
3440
7124
9976
690
6052
5292
9727
1643
5429
5693
8449
2356
8915
5799
9902
6978
175
3945
4131
5468
3402
846
1479
1777
3053
918
4723
2540
7714
6096
9530
61
2546
7644
7024
9875
4390
3905
8879
1730
1925
8518
6714
8776
6800
988
755
4581
777
3233
8923
2502
7217
6692
112
6863
7786
7505
8283
5484
9211
8702
6210
5470
6255
2321
3758
1539
5188
1785
8272
5456
3903
4037
2313
2699
829
2278
3762
8747
2186
2739
9792
2028
4492
5513
3572
1480
354
7444
5761
9217
4730
9240
2573
8027
9375
8816
8148
9734
512
9721
9321
5801
3723
6034
7563
975
8739
5457
4762
4133
3533
4092
1972
4191
7144
4875
9916
2198
2495
3154
9434
3101
4883
7212
977
385
9316
234
4089
2809
3674
705
1834
784
4942
304
3899
3662
239
9333
7906
4818
7578
6713
1797
4257
1593
6319
4724
9761
8668
2847
8849
7629
4302
720
9065
5549
4608
2980
9402
3335
8655
6602
9406
8461
6505
6072
3664
8431
8061
2774
5297
3246
7660
1231
7821
6954
2751
1378
1116
5572
5621
2259
730
3322
1283
4015
840
8161
9461
9095
7519
979
1686
2187
7038
9658
4521
7197
3452
1856
2417
7441
1302
2682
2277
6725
2244
3451
1079
8969
3828
3658
8121
3148
4408
9363
4666
8966
4104
217
1575
3859
6051
5962
292
3722
9633
5665
8766
3878
2810
6536
1513
5825
8261
4571
6612
4765
1954
8635
1191
935
3327
3880
9186
6139
7164
1784
4546
5293
6594
5594
931
6193
9160
8638
429
3336
6246
4277
9474
2589
58
4185
3386
1173
2986
7266
8852
5366
8405
7308
3632
4556
5660
1562
5183
748
3334
5830
1588
6076
6216
371
3802
711
8234
4891
1359
7005
4990
8204
1559
7299
9527
2956
5980
6598
7307
4629
4928
8015
7491
5421
2526
2204
7941
7666
2160
7261
8245
6847
4586
2552
2701
9501
8136
3030
8506
6640
1171
1042
7357
937
3481
5686
8999
6419
5884
4855
6642
6928
8091
6500
9851
1712
2193
8269
4120
1933
1802
1403
8164
4824
4258
272
6595
8098
8132
2811
5883
3278
1223
1393
9033
395
1892
4283
9430
4275
2192
6948
1684
1389
7937
8039
6279
3684
2690
2990
7119
7353
7919
6753
2558
9778
7297
296
5147
6925
8193
418
8641
4188
8586
6707
765
2834
7766
161
3520
2498
8498
7535
8016
9589
6353
6900
4419
1198
2958
8992
398
7564
6636
3872
1452
486
5018
8434
9595
1928
4436
2781
9466
8033
3226
1474
3178
5850
6463
5585
5559
6739
641
569
3023
3241
1170
7712
2443
5815
5907
6610
194
1227
5681
2979
1117
9632
3864
5332
6971
1388
3235
9905
4400
9117
6415
6406
601
2395
6177
7149
2315
7910
6537
2737
7982
5703
2377
5225
830
8371
8607
6258
4195
6482
7661
764
4726
9056
1613
1735
6802
2458
9277
6805
1683
6784
2534
1310
4262
8396
2285
8768
6388
4684
324
6757
1826
2424
111
6510
7088
7170
2064
8620
7907
9254
1423
1855
942
3924
8875
4513
6291
8594
3035
7509
6196
1355
747
1836
1133
1601
3831
2515
620
3959
2509
5712
6446
8419
6330
8409
3316
8585
8672
3713
4216
5204
4090
1706
4714
9635
972
978
7048
2619
1734
2254
5992
1016
6293
2577
9106
9813
3951
9357
3655
1152
7410
4351
6028
6063
1752
9953
8997
4722
7838
4775
3157
7069
911
240
716
4811
3894
2890
8012
5688
8797
6547
4153
7926
4030
6682
3896
347
4353
2564
256
2793
3740
2678
6287
1676
448
5059
7609
6833
1400
9127
706
4647
586
107
1138
1638
6729
8447
2283
9872
9426
1633
8118
9371
2135
8616
4009
7526
3732
4251
7208
9282
9517
2142
1535
7318
3211
571
1540
7421
4117
4049
5931
8572
7572
483
4003
3368
5249
8798
6058
5778
9641
5745
5448
7288
9218
6926
8276
4338
7673
2390
8956
2946
3050
6132
7628
9711
3371
2778
4019
2594
2828
5309
7390
7123
4434
3757
9646
4016
9405
5465
6339
8185
9423
8673
7687
2078
4194
8759
4206
9077
7709
3986
6811
521
9101
3639
5547
9895
8794
9116
3818
5126
7302
3010
5530
7860
8119
181
4534
6738
2722
7969
1052
2762
4491
7769
9897
4099
8778
104
7349
1202
7105
1397
7794
2427
3275
3179
5716
2290
5655
8230
7820
7913
4356
3592
3133
2868
6256
3659
5979
496
4190
907
6227
3304
5985
2261
2961
6733
7015
8288
4782
6726
1544
2217
8559
1866
3469
2574
5202
5038
3492
6824
7478
375
2072
7774
8764
1889
6782
7439
554
6774
3532
8138
9391
2227
5706
7043
6522
6075
2527
90
4407
8430
4649
5353
7812
5275
4256
4553
6414
7284
9414
1594
3163
3635
8546
3772
8696
4032
9827
5683
1817
9290
669
7469
9819
3821
611
2017
1713
5382
2517
5300
989
9438
4432
5094
5289
3162
5316
3396
9174
2350
5744
4801
3362
9962
2964
6492
4056
9263
7872
667
3270
2821
5287
237
2145
1757
5780
3455
6589
4269
622
3565
9157
2649
2232
4371
1485
2688
6189
1129
6342
8457
7834
3584
7496
2900
6970
4278
2995
3027
3102
6006
370
4110
4971
9019
8593
8400
9083
4167
8654
7385
2177
2488
3782
9150
1157
2365
7328
2676
4300
3422
788
7003
2614
7648
8109
6209
4642
5294
3134
5268
1766
9205
5133
9585
1811
8523
2450
7890
621
7224
2045
2714
4950
4802
2323
485
6046
8156
6769
5115
8632
8250
4510
9889
6902
5343
1346
6861
8564
5003
5145
6998
319
6114
7025
4686
9432
2878
1408
5480
407
9276
6208
1098
8123
9664
5068
2027
5486
6085
2857
4001
9131
2908
836
3004
530
3105
8315
2156
9904
2342
7400
7768
2765
6819
7447
9629
7876
940
511
577
126
7534
529
3450
8782
7620
5758
7976
5270
9972
2718
4993
588
7407
8285
8803
3805
7347
1624
6830
5834
4544
238
9351
6275
2114
348
3512
3056
6411
8178
525
1951
6577
1697
914
6
959
4453
2330
7419
8717
2651
4274
5838
2200
5176
3756
9853
9675
7522
9484
6060
9021
2331
4370
5197
6877
2957
3525
8000
7413
8892
9714
3367
8135
6192
5016
3072
2400
637
8226
9298
8758
2578
2121
8623
7331
8078
5803
283
6532
7050
3523
1233
8309
2432
1779
3313
5717
3996
799
3848
1552
4106
4665
4065
2633
3158
2756
9533
2411
4024
459
1483
5048
1225
3065
5082
6292
6141
5232
1041
5492
7326
225
5450
3044
744
4007
7616
6093
7923
4635
7859
1409
973
6310
1545
4314
8394
735
6848
3815
1363
7199
1288
8661
7747
3415
4181
8757
5783
3541
5978
9497
597
8202
9500
7917
6539
8444
4718
4850
7952
8465
517
1412
7066
2876
5259
8190
3600
8087
5391
4953
6476
8845
3623
8380
2376
6226
9911
1769
7826
6841
3052
5728
752
2349
694
1297
4887
3669
3602
7402
3890
5729
3540
926
1702
5148
8786
1721
2225
3155
6586
7662
3483
2239
3598
6363
8101
6949
514
1781
9340
7008
8386
1256
6649
8227
3109
5754
9802
1176
4233
4084
1527
2561
9398
4273
5064
1187
5055
7863
3478
6585
7548
9960
717
7725
138
4043
6992
102
8805
1370
1047
6658
4176
6206
1443
241
183
5485
3341
4097
6442
4907
9867
4663
9531
212
54
921
725
4080
5054
