450
1432
980
512
135
749
1114
824
495
692
144
868
971
312
417
198
1462
1313
638
716
369
503
235
187
64
1001
556
1062
627
1453
394
1162
1383
895
20
215
932
1023
213
1464
186
388
389
19
112
164
1413
577
1333
83
460
890
403
873
1100
987
446
1197
1344
754
1176
181
738
4
103
516
656
614
619
665
90
732
1417
734
1382
168
209
1401
1424
685
1159
856
39
601
911
998
1
1403
1338
1252
1240
1412
1241
1245
591
1369
222
765
1108
1067
1015
6
727
1435
1165
985
1229
199
63
1069
949
590
854
1113
363
783
179
296
453
915
1264
713
1368
1297
184
617
408
218
1082
220
1459
1244
154
1063
396
714
163
670
907
202
810
1169
366
633
1384
780
700
546
1218
106
169
1331
1271
740
901
1379
918
640
25
21
1060
310
95
1370
1081
828
40
1363
1233
1433
513
502
773
60
385
1090
1257
724
1436
293
635
1309
313
646
841
757
1351
1112
865
570
99
837
959
1439
498
1316
73
232
483
587
748
462
1457
370
143
1018
801
605
359
1298
426
78
1087
265
708
509
883
702
113
1255
578
171
565
1014
1278
1268
1416
844
1017
465
352
1206
437
789
1222
557
875
478
88
1360
821
900
934
138
233
561
1031
1311
53
101
1096
343
504
153
32
278
661
1393
759
340
1068
1033
1421
948
405
15
1269
421
1146
289
240
1386
228
1154
152
517
607
140
945
1300
285
1010
382
657
833
1279
475
567
1074
151
756
391
1047
584
75
781
270
1293
992
34
57
1387
1105
81
399
1253
866
535
458
523
1024
14
1448
996
693
845
331
295
508
1210
448
582
858
652
682
820
1022
511
422
262
173
348
1423
418
953
1319
1011
1320
486
769
425
579
919
1446
1378
1107
377
882
290
1189
461
585
573
1437
967
583
335
808
406
611
830
1410
102
286
922
387
1391
1029
318
345
802
1328
284
1373
1346
625
16
124
44
237
896
1194
116
1409
679
571
253
121
1299
298
1235
891
768
436
787
636
887
36
132
241
537
904
1127
946
3
104
655
1083
1364
1306
46
629
24
609
415
675
832
669
978
776
859
747
182
435
1215
281
229
954
966
990
1055
1026
431
622
1035
793
1097
874
43
926
480
942
913
616
1348
662
26
984
125
964
205
212
464
1408
929
56
413
1187
234
87
792
547
852
1358
899
1419
1420
719
489
85
1463
445
1430
1339
13
297
1098
972
958
1429
736
160
266
440
800
1274
1212
1377
1406
1070
17
1336
196
541
484
255
8
914
519
615
1007
1465
301
1089
393
691
1130
1337
1281
127
1119
1266
428
320
1132
726
1262
1402
329
1312
811
1045
536
814
122
72
1084
809
743
649
1144
876
107
27
1354
326
664
1073
1094
1085
395
111
463
696
71
1016
82
804
303
1292
1389
1388
538
354
479
472
1213
260
884
49
1238
1239
928
227
826
762
141
499
885
279
471
838
488
1002
1314
1193
294
1228
863
1347
1149
1286
668
1037
208
176
1148
1223
1256
788
1125
1443
680
93
493
1219
451
1095
686
371
470
433
1260
548
162
381
881
1041
1110
687
774
204
1185
1237
711
195
1129
1267
761
1315
1131
600
361
96
59
7
752
1115
684
149
707
880
416
1058
94
555
674
681
1445
307
803
989
1232
791
1254
956
1198
54
191
1207
794
1332
1004
553
819
1248
979
1359
287
35
62
586
134
147
1428
1057
745
155
1000
977
1371
715
401
666
372
333
999
139
706
878
216
1188
952
1217
520
1180
986
246
778
973
219
623
951
870
392
533
1079
263
178
906
79
1411
368
347
1282
746
742
909
610
1054
1141
1242
941
807
305
1330
698
521
912
660
66
420
1192
1291
223
311
1366
1155
280
960
203
1249
259
1335
492
846
1036
501
1088
1032
1091
1009
500
261
1044
1265
325
1243
351
1447
1013
673
482
236
525
751
563
189
45
429
1287
1301
110
136
818
1178
1104
1397
728
427
581
86
1305
722
983
689
1350
211
1134
1184
1152
159
839
11
551
1425
709
569
80
378
1456
637
1077
1050
1380
829
1361
1216
275
1247
1175
651
1170
775
38
12
346
494
487
916
424
1285
659
592
342
133
1099
718
572
273
1043
177
1296
847
61
338
1251
360
434
1025
1399
559
782
969
849
694
917
965
695
97
344
892
690
337
733
562
22
1352
410
1342
469
1444
300
1398
126
1208
1418
146
905
239
1133
1303
1227
976
269
455
1455
272
1288
1356
1295
336
274
1135
1160
753
902
580
760
452
158
1181
943
604
822
1214
419
358
1012
777
1395
705
1365
225
474
825
1340
180
1318
412
505
877
672
741
1157
339
575
518
442
1109
1163
231
677
771
1174
319
1128
506
1137
89
1385
70
84
1039
599
466
834
699
1204
1150
252
531
568
1167
510
931
485
356
120
994
1394
631
1294
390
74
1414
857
1124
109
496
334
108
129
254
1221
613
157
544
221
309
376
65
1220
1093
2
785
658
721
1450
683
527
1209
908
29
167
148
552
322
1076
30
528
739
174
1362
898
795
923
790
831
364
432
1376
1449
663
620
867
9
1078
764
1451
397
997
137
365
292
554
1234
1324
1323
166
194
806
678
606
1415
42
317
267
1203
341
1461
750
145
175
214
323
779
805
1310
628
444
37
206
1458
542
763
612
1290
353
1106
836
1186
1199
993
314
840
324
384
639
970
1341
940
735
767
411
703
564
476
1353
1246
308
1042
454
119
963
497
1441
115
650
1280
1427
543
1053
1138
367
1426
283
1158
1172
1289
1367
1161
33
1145
467
302
522
812
1101
375
256
449
862
490
772
786
850
1126
258
869
58
618
725
1355
257
76
242
1345
332
230
114
404
701
1111
1236
653
853
608
250
593
1196
576
48
894
118
1166
597
796
1434
1027
766
244
872
947
441
647
827
77
933
645
717
192
251
634
47
481
1259
117
31
1357
526
1283
1277
128
524
534
330
644
596
130
566
642
1440
1438
379
729
123
1276
350
893
1327
540
